--------------------
Cycle:1	64	ADD	R1, R0, R0

Registers
R00:	0	0	0	0	0	0	0	0	0	0	0	0	0	0	0	0
R16:	0	0	0	0	0	0	0	0	0	0	0	0	0	0	0	0

Data
148:	-1	-2	-3	1	2	4	-4	10
180:	7	9	1	0	-1	1	-1	0
212:	0	0	0	0	0	0	0	0

--------------------
Cycle:2	68	ADD	R2, R0, #5

Registers
R00:	0	0	5	0	0	0	0	0	0	0	0	0	0	0	0	0
R16:	0	0	0	0	0	0	0	0	0	0	0	0	0	0	0	0

Data
148:	-1	-2	-3	1	2	4	-4	10
180:	7	9	1	0	-1	1	-1	0
212:	0	0	0	0	0	0	0	0

--------------------
Cycle:3	72	BEQ	R1, R2, #68

Registers
R00:	0	0	5	0	0	0	0	0	0	0	0	0	0	0	0	0
R16:	0	0	0	0	0	0	0	0	0	0	0	0	0	0	0	0

Data
148:	-1	-2	-3	1	2	4	-4	10
180:	7	9	1	0	-1	1	-1	0
212:	0	0	0	0	0	0	0	0

--------------------
Cycle:4	76	SLL	R16, R1, #2

Registers
R00:	0	0	5	0	0	0	0	0	0	0	0	0	0	0	0	0
R16:	0	0	0	0	0	0	0	0	0	0	0	0	0	0	0	0

Data
148:	-1	-2	-3	1	2	4	-4	10
180:	7	9	1	0	-1	1	-1	0
212:	0	0	0	0	0	0	0	0

--------------------
Cycle:5	80	LW	R3, 148(R16)

Registers
R00:	0	0	5	-1	0	0	0	0	0	0	0	0	0	0	0	0
R16:	0	0	0	0	0	0	0	0	0	0	0	0	0	0	0	0

Data
148:	-1	-2	-3	1	2	4	-4	10
180:	7	9	1	0	-1	1	-1	0
212:	0	0	0	0	0	0	0	0

--------------------
Cycle:6	84	LW	R4, 168(R16)

Registers
R00:	0	0	5	-1	4	0	0	0	0	0	0	0	0	0	0	0
R16:	0	0	0	0	0	0	0	0	0	0	0	0	0	0	0	0

Data
148:	-1	-2	-3	1	2	4	-4	10
180:	7	9	1	0	-1	1	-1	0
212:	0	0	0	0	0	0	0	0

--------------------
Cycle:7	88	LW	R5, 188(R16)

Registers
R00:	0	0	5	-1	4	1	0	0	0	0	0	0	0	0	0	0
R16:	0	0	0	0	0	0	0	0	0	0	0	0	0	0	0	0

Data
148:	-1	-2	-3	1	2	4	-4	10
180:	7	9	1	0	-1	1	-1	0
212:	0	0	0	0	0	0	0	0

--------------------
Cycle:8	92	MUL	R5, R3, R4

Registers
R00:	0	0	5	-1	4	-4	0	0	0	0	0	0	0	0	0	0
R16:	0	0	0	0	0	0	0	0	0	0	0	0	0	0	0	0

Data
148:	-1	-2	-3	1	2	4	-4	10
180:	7	9	1	0	-1	1	-1	0
212:	0	0	0	0	0	0	0	0

--------------------
Cycle:9	96	BEQ	R5, R0, #28

Registers
R00:	0	0	5	-1	4	-4	0	0	0	0	0	0	0	0	0	0
R16:	0	0	0	0	0	0	0	0	0	0	0	0	0	0	0	0

Data
148:	-1	-2	-3	1	2	4	-4	10
180:	7	9	1	0	-1	1	-1	0
212:	0	0	0	0	0	0	0	0

--------------------
Cycle:10	100	BGTZ	R5, #16

Registers
R00:	0	0	5	-1	4	-4	0	0	0	0	0	0	0	0	0	0
R16:	0	0	0	0	0	0	0	0	0	0	0	0	0	0	0	0

Data
148:	-1	-2	-3	1	2	4	-4	10
180:	7	9	1	0	-1	1	-1	0
212:	0	0	0	0	0	0	0	0

--------------------
Cycle:11	104	ADD	R6, R3, R4

Registers
R00:	0	0	5	-1	4	-4	3	0	0	0	0	0	0	0	0	0
R16:	0	0	0	0	0	0	0	0	0	0	0	0	0	0	0	0

Data
148:	-1	-2	-3	1	2	4	-4	10
180:	7	9	1	0	-1	1	-1	0
212:	0	0	0	0	0	0	0	0

--------------------
Cycle:12	108	SUB	R5, R6, R5

Registers
R00:	0	0	5	-1	4	7	3	0	0	0	0	0	0	0	0	0
R16:	0	0	0	0	0	0	0	0	0	0	0	0	0	0	0	0

Data
148:	-1	-2	-3	1	2	4	-4	10
180:	7	9	1	0	-1	1	-1	0
212:	0	0	0	0	0	0	0	0

--------------------
Cycle:13	112	J	#132

Registers
R00:	0	0	5	-1	4	7	3	0	0	0	0	0	0	0	0	0
R16:	0	0	0	0	0	0	0	0	0	0	0	0	0	0	0	0

Data
148:	-1	-2	-3	1	2	4	-4	10
180:	7	9	1	0	-1	1	-1	0
212:	0	0	0	0	0	0	0	0

--------------------
Cycle:14	132	SW	R5, 188(R16)

Registers
R00:	0	0	5	-1	4	7	3	0	0	0	0	0	0	0	0	0
R16:	0	0	0	0	0	0	0	0	0	0	0	0	0	0	0	0

Data
148:	-1	-2	-3	1	2	4	-4	10
180:	7	9	7	0	-1	1	-1	0
212:	0	0	0	0	0	0	0	0

--------------------
Cycle:15	136	ADD	R1, R1, #1

Registers
R00:	0	1	5	-1	4	7	3	0	0	0	0	0	0	0	0	0
R16:	0	0	0	0	0	0	0	0	0	0	0	0	0	0	0	0

Data
148:	-1	-2	-3	1	2	4	-4	10
180:	7	9	7	0	-1	1	-1	0
212:	0	0	0	0	0	0	0	0

--------------------
Cycle:16	140	J	#72

Registers
R00:	0	1	5	-1	4	7	3	0	0	0	0	0	0	0	0	0
R16:	0	0	0	0	0	0	0	0	0	0	0	0	0	0	0	0

Data
148:	-1	-2	-3	1	2	4	-4	10
180:	7	9	7	0	-1	1	-1	0
212:	0	0	0	0	0	0	0	0

--------------------
Cycle:17	72	BEQ	R1, R2, #68

Registers
R00:	0	1	5	-1	4	7	3	0	0	0	0	0	0	0	0	0
R16:	0	0	0	0	0	0	0	0	0	0	0	0	0	0	0	0

Data
148:	-1	-2	-3	1	2	4	-4	10
180:	7	9	7	0	-1	1	-1	0
212:	0	0	0	0	0	0	0	0

--------------------
Cycle:18	76	SLL	R16, R1, #2

Registers
R00:	0	1	5	-1	4	7	3	0	0	0	0	0	0	0	0	0
R16:	4	0	0	0	0	0	0	0	0	0	0	0	0	0	0	0

Data
148:	-1	-2	-3	1	2	4	-4	10
180:	7	9	7	0	-1	1	-1	0
212:	0	0	0	0	0	0	0	0

--------------------
Cycle:19	80	LW	R3, 148(R16)

Registers
R00:	0	1	5	-2	4	7	3	0	0	0	0	0	0	0	0	0
R16:	4	0	0	0	0	0	0	0	0	0	0	0	0	0	0	0

Data
148:	-1	-2	-3	1	2	4	-4	10
180:	7	9	7	0	-1	1	-1	0
212:	0	0	0	0	0	0	0	0

--------------------
Cycle:20	84	LW	R4, 168(R16)

Registers
R00:	0	1	5	-2	-4	7	3	0	0	0	0	0	0	0	0	0
R16:	4	0	0	0	0	0	0	0	0	0	0	0	0	0	0	0

Data
148:	-1	-2	-3	1	2	4	-4	10
180:	7	9	7	0	-1	1	-1	0
212:	0	0	0	0	0	0	0	0

--------------------
Cycle:21	88	LW	R5, 188(R16)

Registers
R00:	0	1	5	-2	-4	0	3	0	0	0	0	0	0	0	0	0
R16:	4	0	0	0	0	0	0	0	0	0	0	0	0	0	0	0

Data
148:	-1	-2	-3	1	2	4	-4	10
180:	7	9	7	0	-1	1	-1	0
212:	0	0	0	0	0	0	0	0

--------------------
Cycle:22	92	MUL	R5, R3, R4

Registers
R00:	0	1	5	-2	-4	8	3	0	0	0	0	0	0	0	0	0
R16:	4	0	0	0	0	0	0	0	0	0	0	0	0	0	0	0

Data
148:	-1	-2	-3	1	2	4	-4	10
180:	7	9	7	0	-1	1	-1	0
212:	0	0	0	0	0	0	0	0

--------------------
Cycle:23	96	BEQ	R5, R0, #28

Registers
R00:	0	1	5	-2	-4	8	3	0	0	0	0	0	0	0	0	0
R16:	4	0	0	0	0	0	0	0	0	0	0	0	0	0	0	0

Data
148:	-1	-2	-3	1	2	4	-4	10
180:	7	9	7	0	-1	1	-1	0
212:	0	0	0	0	0	0	0	0

--------------------
Cycle:24	100	BGTZ	R5, #16

Registers
R00:	0	1	5	-2	-4	8	3	0	0	0	0	0	0	0	0	0
R16:	4	0	0	0	0	0	0	0	0	0	0	0	0	0	0	0

Data
148:	-1	-2	-3	1	2	4	-4	10
180:	7	9	7	0	-1	1	-1	0
212:	0	0	0	0	0	0	0	0

--------------------
Cycle:25	120	SLL	R5, R5, #2

Registers
R00:	0	1	5	-2	-4	32	3	0	0	0	0	0	0	0	0	0
R16:	4	0	0	0	0	0	0	0	0	0	0	0	0	0	0	0

Data
148:	-1	-2	-3	1	2	4	-4	10
180:	7	9	7	0	-1	1	-1	0
212:	0	0	0	0	0	0	0	0

--------------------
Cycle:26	124	J	#132

Registers
R00:	0	1	5	-2	-4	32	3	0	0	0	0	0	0	0	0	0
R16:	4	0	0	0	0	0	0	0	0	0	0	0	0	0	0	0

Data
148:	-1	-2	-3	1	2	4	-4	10
180:	7	9	7	0	-1	1	-1	0
212:	0	0	0	0	0	0	0	0

--------------------
Cycle:27	132	SW	R5, 188(R16)

Registers
R00:	0	1	5	-2	-4	32	3	0	0	0	0	0	0	0	0	0
R16:	4	0	0	0	0	0	0	0	0	0	0	0	0	0	0	0

Data
148:	-1	-2	-3	1	2	4	-4	10
180:	7	9	7	32	-1	1	-1	0
212:	0	0	0	0	0	0	0	0

--------------------
Cycle:28	136	ADD	R1, R1, #1

Registers
R00:	0	2	5	-2	-4	32	3	0	0	0	0	0	0	0	0	0
R16:	4	0	0	0	0	0	0	0	0	0	0	0	0	0	0	0

Data
148:	-1	-2	-3	1	2	4	-4	10
180:	7	9	7	32	-1	1	-1	0
212:	0	0	0	0	0	0	0	0

--------------------
Cycle:29	140	J	#72

Registers
R00:	0	2	5	-2	-4	32	3	0	0	0	0	0	0	0	0	0
R16:	4	0	0	0	0	0	0	0	0	0	0	0	0	0	0	0

Data
148:	-1	-2	-3	1	2	4	-4	10
180:	7	9	7	32	-1	1	-1	0
212:	0	0	0	0	0	0	0	0

--------------------
Cycle:30	72	BEQ	R1, R2, #68

Registers
R00:	0	2	5	-2	-4	32	3	0	0	0	0	0	0	0	0	0
R16:	4	0	0	0	0	0	0	0	0	0	0	0	0	0	0	0

Data
148:	-1	-2	-3	1	2	4	-4	10
180:	7	9	7	32	-1	1	-1	0
212:	0	0	0	0	0	0	0	0

--------------------
Cycle:31	76	SLL	R16, R1, #2

Registers
R00:	0	2	5	-2	-4	32	3	0	0	0	0	0	0	0	0	0
R16:	8	0	0	0	0	0	0	0	0	0	0	0	0	0	0	0

Data
148:	-1	-2	-3	1	2	4	-4	10
180:	7	9	7	32	-1	1	-1	0
212:	0	0	0	0	0	0	0	0

--------------------
Cycle:32	80	LW	R3, 148(R16)

Registers
R00:	0	2	5	-3	-4	32	3	0	0	0	0	0	0	0	0	0
R16:	8	0	0	0	0	0	0	0	0	0	0	0	0	0	0	0

Data
148:	-1	-2	-3	1	2	4	-4	10
180:	7	9	7	32	-1	1	-1	0
212:	0	0	0	0	0	0	0	0

--------------------
Cycle:33	84	LW	R4, 168(R16)

Registers
R00:	0	2	5	-3	10	32	3	0	0	0	0	0	0	0	0	0
R16:	8	0	0	0	0	0	0	0	0	0	0	0	0	0	0	0

Data
148:	-1	-2	-3	1	2	4	-4	10
180:	7	9	7	32	-1	1	-1	0
212:	0	0	0	0	0	0	0	0

--------------------
Cycle:34	88	LW	R5, 188(R16)

Registers
R00:	0	2	5	-3	10	-1	3	0	0	0	0	0	0	0	0	0
R16:	8	0	0	0	0	0	0	0	0	0	0	0	0	0	0	0

Data
148:	-1	-2	-3	1	2	4	-4	10
180:	7	9	7	32	-1	1	-1	0
212:	0	0	0	0	0	0	0	0

--------------------
Cycle:35	92	MUL	R5, R3, R4

Registers
R00:	0	2	5	-3	10	-30	3	0	0	0	0	0	0	0	0	0
R16:	8	0	0	0	0	0	0	0	0	0	0	0	0	0	0	0

Data
148:	-1	-2	-3	1	2	4	-4	10
180:	7	9	7	32	-1	1	-1	0
212:	0	0	0	0	0	0	0	0

--------------------
Cycle:36	96	BEQ	R5, R0, #28

Registers
R00:	0	2	5	-3	10	-30	3	0	0	0	0	0	0	0	0	0
R16:	8	0	0	0	0	0	0	0	0	0	0	0	0	0	0	0

Data
148:	-1	-2	-3	1	2	4	-4	10
180:	7	9	7	32	-1	1	-1	0
212:	0	0	0	0	0	0	0	0

--------------------
Cycle:37	100	BGTZ	R5, #16

Registers
R00:	0	2	5	-3	10	-30	3	0	0	0	0	0	0	0	0	0
R16:	8	0	0	0	0	0	0	0	0	0	0	0	0	0	0	0

Data
148:	-1	-2	-3	1	2	4	-4	10
180:	7	9	7	32	-1	1	-1	0
212:	0	0	0	0	0	0	0	0

--------------------
Cycle:38	104	ADD	R6, R3, R4

Registers
R00:	0	2	5	-3	10	-30	7	0	0	0	0	0	0	0	0	0
R16:	8	0	0	0	0	0	0	0	0	0	0	0	0	0	0	0

Data
148:	-1	-2	-3	1	2	4	-4	10
180:	7	9	7	32	-1	1	-1	0
212:	0	0	0	0	0	0	0	0

--------------------
Cycle:39	108	SUB	R5, R6, R5

Registers
R00:	0	2	5	-3	10	37	7	0	0	0	0	0	0	0	0	0
R16:	8	0	0	0	0	0	0	0	0	0	0	0	0	0	0	0

Data
148:	-1	-2	-3	1	2	4	-4	10
180:	7	9	7	32	-1	1	-1	0
212:	0	0	0	0	0	0	0	0

--------------------
Cycle:40	112	J	#132

Registers
R00:	0	2	5	-3	10	37	7	0	0	0	0	0	0	0	0	0
R16:	8	0	0	0	0	0	0	0	0	0	0	0	0	0	0	0

Data
148:	-1	-2	-3	1	2	4	-4	10
180:	7	9	7	32	-1	1	-1	0
212:	0	0	0	0	0	0	0	0

--------------------
Cycle:41	132	SW	R5, 188(R16)

Registers
R00:	0	2	5	-3	10	37	7	0	0	0	0	0	0	0	0	0
R16:	8	0	0	0	0	0	0	0	0	0	0	0	0	0	0	0

Data
148:	-1	-2	-3	1	2	4	-4	10
180:	7	9	7	32	37	1	-1	0
212:	0	0	0	0	0	0	0	0

--------------------
Cycle:42	136	ADD	R1, R1, #1

Registers
R00:	0	3	5	-3	10	37	7	0	0	0	0	0	0	0	0	0
R16:	8	0	0	0	0	0	0	0	0	0	0	0	0	0	0	0

Data
148:	-1	-2	-3	1	2	4	-4	10
180:	7	9	7	32	37	1	-1	0
212:	0	0	0	0	0	0	0	0

--------------------
Cycle:43	140	J	#72

Registers
R00:	0	3	5	-3	10	37	7	0	0	0	0	0	0	0	0	0
R16:	8	0	0	0	0	0	0	0	0	0	0	0	0	0	0	0

Data
148:	-1	-2	-3	1	2	4	-4	10
180:	7	9	7	32	37	1	-1	0
212:	0	0	0	0	0	0	0	0

--------------------
Cycle:44	72	BEQ	R1, R2, #68

Registers
R00:	0	3	5	-3	10	37	7	0	0	0	0	0	0	0	0	0
R16:	8	0	0	0	0	0	0	0	0	0	0	0	0	0	0	0

Data
148:	-1	-2	-3	1	2	4	-4	10
180:	7	9	7	32	37	1	-1	0
212:	0	0	0	0	0	0	0	0

--------------------
Cycle:45	76	SLL	R16, R1, #2

Registers
R00:	0	3	5	-3	10	37	7	0	0	0	0	0	0	0	0	0
R16:	12	0	0	0	0	0	0	0	0	0	0	0	0	0	0	0

Data
148:	-1	-2	-3	1	2	4	-4	10
180:	7	9	7	32	37	1	-1	0
212:	0	0	0	0	0	0	0	0

--------------------
Cycle:46	80	LW	R3, 148(R16)

Registers
R00:	0	3	5	1	10	37	7	0	0	0	0	0	0	0	0	0
R16:	12	0	0	0	0	0	0	0	0	0	0	0	0	0	0	0

Data
148:	-1	-2	-3	1	2	4	-4	10
180:	7	9	7	32	37	1	-1	0
212:	0	0	0	0	0	0	0	0

--------------------
Cycle:47	84	LW	R4, 168(R16)

Registers
R00:	0	3	5	1	7	37	7	0	0	0	0	0	0	0	0	0
R16:	12	0	0	0	0	0	0	0	0	0	0	0	0	0	0	0

Data
148:	-1	-2	-3	1	2	4	-4	10
180:	7	9	7	32	37	1	-1	0
212:	0	0	0	0	0	0	0	0

--------------------
Cycle:48	88	LW	R5, 188(R16)

Registers
R00:	0	3	5	1	7	1	7	0	0	0	0	0	0	0	0	0
R16:	12	0	0	0	0	0	0	0	0	0	0	0	0	0	0	0

Data
148:	-1	-2	-3	1	2	4	-4	10
180:	7	9	7	32	37	1	-1	0
212:	0	0	0	0	0	0	0	0

--------------------
Cycle:49	92	MUL	R5, R3, R4

Registers
R00:	0	3	5	1	7	7	7	0	0	0	0	0	0	0	0	0
R16:	12	0	0	0	0	0	0	0	0	0	0	0	0	0	0	0

Data
148:	-1	-2	-3	1	2	4	-4	10
180:	7	9	7	32	37	1	-1	0
212:	0	0	0	0	0	0	0	0

--------------------
Cycle:50	96	BEQ	R5, R0, #28

Registers
R00:	0	3	5	1	7	7	7	0	0	0	0	0	0	0	0	0
R16:	12	0	0	0	0	0	0	0	0	0	0	0	0	0	0	0

Data
148:	-1	-2	-3	1	2	4	-4	10
180:	7	9	7	32	37	1	-1	0
212:	0	0	0	0	0	0	0	0

--------------------
Cycle:51	100	BGTZ	R5, #16

Registers
R00:	0	3	5	1	7	7	7	0	0	0	0	0	0	0	0	0
R16:	12	0	0	0	0	0	0	0	0	0	0	0	0	0	0	0

Data
148:	-1	-2	-3	1	2	4	-4	10
180:	7	9	7	32	37	1	-1	0
212:	0	0	0	0	0	0	0	0

--------------------
Cycle:52	120	SLL	R5, R5, #2

Registers
R00:	0	3	5	1	7	28	7	0	0	0	0	0	0	0	0	0
R16:	12	0	0	0	0	0	0	0	0	0	0	0	0	0	0	0

Data
148:	-1	-2	-3	1	2	4	-4	10
180:	7	9	7	32	37	1	-1	0
212:	0	0	0	0	0	0	0	0

--------------------
Cycle:53	124	J	#132

Registers
R00:	0	3	5	1	7	28	7	0	0	0	0	0	0	0	0	0
R16:	12	0	0	0	0	0	0	0	0	0	0	0	0	0	0	0

Data
148:	-1	-2	-3	1	2	4	-4	10
180:	7	9	7	32	37	1	-1	0
212:	0	0	0	0	0	0	0	0

--------------------
Cycle:54	132	SW	R5, 188(R16)

Registers
R00:	0	3	5	1	7	28	7	0	0	0	0	0	0	0	0	0
R16:	12	0	0	0	0	0	0	0	0	0	0	0	0	0	0	0

Data
148:	-1	-2	-3	1	2	4	-4	10
180:	7	9	7	32	37	28	-1	0
212:	0	0	0	0	0	0	0	0

--------------------
Cycle:55	136	ADD	R1, R1, #1

Registers
R00:	0	4	5	1	7	28	7	0	0	0	0	0	0	0	0	0
R16:	12	0	0	0	0	0	0	0	0	0	0	0	0	0	0	0

Data
148:	-1	-2	-3	1	2	4	-4	10
180:	7	9	7	32	37	28	-1	0
212:	0	0	0	0	0	0	0	0

--------------------
Cycle:56	140	J	#72

Registers
R00:	0	4	5	1	7	28	7	0	0	0	0	0	0	0	0	0
R16:	12	0	0	0	0	0	0	0	0	0	0	0	0	0	0	0

Data
148:	-1	-2	-3	1	2	4	-4	10
180:	7	9	7	32	37	28	-1	0
212:	0	0	0	0	0	0	0	0

--------------------
Cycle:57	72	BEQ	R1, R2, #68

Registers
R00:	0	4	5	1	7	28	7	0	0	0	0	0	0	0	0	0
R16:	12	0	0	0	0	0	0	0	0	0	0	0	0	0	0	0

Data
148:	-1	-2	-3	1	2	4	-4	10
180:	7	9	7	32	37	28	-1	0
212:	0	0	0	0	0	0	0	0

--------------------
Cycle:58	76	SLL	R16, R1, #2

Registers
R00:	0	4	5	1	7	28	7	0	0	0	0	0	0	0	0	0
R16:	16	0	0	0	0	0	0	0	0	0	0	0	0	0	0	0

Data
148:	-1	-2	-3	1	2	4	-4	10
180:	7	9	7	32	37	28	-1	0
212:	0	0	0	0	0	0	0	0

--------------------
Cycle:59	80	LW	R3, 148(R16)

Registers
R00:	0	4	5	2	7	28	7	0	0	0	0	0	0	0	0	0
R16:	16	0	0	0	0	0	0	0	0	0	0	0	0	0	0	0

Data
148:	-1	-2	-3	1	2	4	-4	10
180:	7	9	7	32	37	28	-1	0
212:	0	0	0	0	0	0	0	0

--------------------
Cycle:60	84	LW	R4, 168(R16)

Registers
R00:	0	4	5	2	9	28	7	0	0	0	0	0	0	0	0	0
R16:	16	0	0	0	0	0	0	0	0	0	0	0	0	0	0	0

Data
148:	-1	-2	-3	1	2	4	-4	10
180:	7	9	7	32	37	28	-1	0
212:	0	0	0	0	0	0	0	0

--------------------
Cycle:61	88	LW	R5, 188(R16)

Registers
R00:	0	4	5	2	9	-1	7	0	0	0	0	0	0	0	0	0
R16:	16	0	0	0	0	0	0	0	0	0	0	0	0	0	0	0

Data
148:	-1	-2	-3	1	2	4	-4	10
180:	7	9	7	32	37	28	-1	0
212:	0	0	0	0	0	0	0	0

--------------------
Cycle:62	92	MUL	R5, R3, R4

Registers
R00:	0	4	5	2	9	18	7	0	0	0	0	0	0	0	0	0
R16:	16	0	0	0	0	0	0	0	0	0	0	0	0	0	0	0

Data
148:	-1	-2	-3	1	2	4	-4	10
180:	7	9	7	32	37	28	-1	0
212:	0	0	0	0	0	0	0	0

--------------------
Cycle:63	96	BEQ	R5, R0, #28

Registers
R00:	0	4	5	2	9	18	7	0	0	0	0	0	0	0	0	0
R16:	16	0	0	0	0	0	0	0	0	0	0	0	0	0	0	0

Data
148:	-1	-2	-3	1	2	4	-4	10
180:	7	9	7	32	37	28	-1	0
212:	0	0	0	0	0	0	0	0

--------------------
Cycle:64	100	BGTZ	R5, #16

Registers
R00:	0	4	5	2	9	18	7	0	0	0	0	0	0	0	0	0
R16:	16	0	0	0	0	0	0	0	0	0	0	0	0	0	0	0

Data
148:	-1	-2	-3	1	2	4	-4	10
180:	7	9	7	32	37	28	-1	0
212:	0	0	0	0	0	0	0	0

--------------------
Cycle:65	120	SLL	R5, R5, #2

Registers
R00:	0	4	5	2	9	72	7	0	0	0	0	0	0	0	0	0
R16:	16	0	0	0	0	0	0	0	0	0	0	0	0	0	0	0

Data
148:	-1	-2	-3	1	2	4	-4	10
180:	7	9	7	32	37	28	-1	0
212:	0	0	0	0	0	0	0	0

--------------------
Cycle:66	124	J	#132

Registers
R00:	0	4	5	2	9	72	7	0	0	0	0	0	0	0	0	0
R16:	16	0	0	0	0	0	0	0	0	0	0	0	0	0	0	0

Data
148:	-1	-2	-3	1	2	4	-4	10
180:	7	9	7	32	37	28	-1	0
212:	0	0	0	0	0	0	0	0

--------------------
Cycle:67	132	SW	R5, 188(R16)

Registers
R00:	0	4	5	2	9	72	7	0	0	0	0	0	0	0	0	0
R16:	16	0	0	0	0	0	0	0	0	0	0	0	0	0	0	0

Data
148:	-1	-2	-3	1	2	4	-4	10
180:	7	9	7	32	37	28	72	0
212:	0	0	0	0	0	0	0	0

--------------------
Cycle:68	136	ADD	R1, R1, #1

Registers
R00:	0	5	5	2	9	72	7	0	0	0	0	0	0	0	0	0
R16:	16	0	0	0	0	0	0	0	0	0	0	0	0	0	0	0

Data
148:	-1	-2	-3	1	2	4	-4	10
180:	7	9	7	32	37	28	72	0
212:	0	0	0	0	0	0	0	0

--------------------
Cycle:69	140	J	#72

Registers
R00:	0	5	5	2	9	72	7	0	0	0	0	0	0	0	0	0
R16:	16	0	0	0	0	0	0	0	0	0	0	0	0	0	0	0

Data
148:	-1	-2	-3	1	2	4	-4	10
180:	7	9	7	32	37	28	72	0
212:	0	0	0	0	0	0	0	0

--------------------
Cycle:70	72	BEQ	R1, R2, #68

Registers
R00:	0	5	5	2	9	72	7	0	0	0	0	0	0	0	0	0
R16:	16	0	0	0	0	0	0	0	0	0	0	0	0	0	0	0

Data
148:	-1	-2	-3	1	2	4	-4	10
180:	7	9	7	32	37	28	72	0
212:	0	0	0	0	0	0	0	0

--------------------
Cycle:71	144	BREAK

Registers
R00:	0	5	5	2	9	72	7	0	0	0	0	0	0	0	0	0
R16:	16	0	0	0	0	0	0	0	0	0	0	0	0	0	0	0

Data
148:	-1	-2	-3	1	2	4	-4	10
180:	7	9	7	32	37	28	72	0
212:	0	0	0	0	0	0	0	0

